***Cobalt XRD input file
*CRYSTAL SYSTEM
HEXAGONAL
*LATTICE PARAMETERS (a,b,c,alpha,beta and gamma)
2.5054   2.5054   4.0893   90.   90.   90.
*PLANES (hkl)
1  0  0     216000   0.31
0  0  2     259000   0.27
1  0  1     208000   0.32
1  0  2     212000   0.31
1  1  0     216000   0.31
1  0  3     223000   0.30
2  0  0     216000   0.31
1  1  2     208000   0.32
2  0  1     213000   0.31
0  0  4     259000   0.27
2  0  2     208000   0.32
1  0  4     233000   0.29
2  0  3     208000   0.32
2  1  0     216000   0.31
2  1  1     214000   0.31
1  1  4     216000   0.31
