***Corundum XRD input file
*CRYSTAL SYSTEM
HEXAG
*LATTICE PARAMETERS (a,b,c,alpha,beta and gamma)
2.5054   2.5054   4.0893   90.   90.   120.
*PLANES (hkl)
0  1  2     415000   0.22
1  0  4     359000   0.26
1  1  0     408000   0.23
1  1  3     376000   0.25
0  2  4     415000   0.22
1  1  6     376000   0.25
2  1  4     360000   0.26
3  0  0     408000   0.23
2  2  6     376000   0.25
2  1  10    366000   0.25
1  3  10    398000   0.23
3  0  12    359000   0.26
2  0  14    392000   0.30
4  1  6     356000   0.27
4  0  10    343000   0.27
3  3  0     408000   0.23
