***Magnesium XRD input file
*CRYSTAL SYSTEM
HEXAG
*LATTICE PARAMETERS (a,b,c,alpha,beta and gamma)
2.9512   2.9512   4.6845   90.   90.   90.
*PLANES (hkl)
1  0  0      45000   0.29
0  0  2      48000   0.27
1  0  1      44000   0.29
1  0  2      44000   0.29
1  1  0      45000   0.29
1  0  3      45000   0.29
2  0  0      45000   0.29
1  1  2      44000   0.29
2  0  1      45000   0.29
0  0  4      48000   0.27
2  0  2      44000   0.29
1  0  4      46000   0.28
2  0  3      44000   0.29
2  1  0      45000   0.29
2  1  1      45000   0.33
1  1  4      44000   0.29
1  0  5      46000   0.28
1  2  2      44000   0.29
2  0  4      44000   0.29
3  0  0      45000   0.29
2  1  3      44000   0.29
3  0  2      44000   0.29
0  0  6      48000   0.27
2  0  5      44000   0.29
1  0  6      47000   0.28
1  2  4      44000   0.29
2  2  0      45000   0.29
