***Alpha titanium XRD input file
*CRYSTAL SYSTEM
HEXAG
*LATTICE PARAMETERS (a,b,c,alpha,beta and gamma)
2.9512   2.9512   4.6845   90.   90.   90.
*PLANES (hkl)
1  0  0     110000   0.33
0  0  2     128000   0.30
1  0  1     112000   0.33
1  0  2     117000   0.32
1  1  0     110000   0.33
1  0  3     121000   0.31
2  0  0     110000   0.33
1  1  2     113000   0.32
2  0  1     110000   0.33
0  0  4     128000   0.30
2  0  2     112000   0.33
1  0  4     124000   0.31
2  0  3     115000   0.32
2  1  0     110000   0.33
2  1  1     110000   0.33
1  1  4     119000   0.31
2  1  2     111000   0.33
1  0  5     125000   0.30
2  0  4     117000   0.32
3  0  0     110000   0.33
2  1  3     113000   0.32
3  0  2     111000   0.33
0  0  6     128000   0.30
