***Tungsten carbide XRD input file
*CRYSTAL SYSTEM
HEXAG
*LATTICE PARAMETERS (a,b,c,alpha,beta and gamma)
2.9063   2.9063   2.8367   90.   90.   90.
*PLANES (hkl)
0  0  1     591000   0.19
1  0  0     438000   0.20
1  0  1     616000   0.20
1  1  0     452000   0.22
0  0  2     591000   0.19
1  1  1     548000   0.19
2  0  0     438000   0.20
1  0  2     648000   0.18
2  0  1     515000   0.19
1  1  2     624000   0.16
2  1  0     452000   0.22
0  0  3     591000   0.19
2  0  2     616000   0.20
2  1  1     491000   0.20
1  0  3     631000   0.19
3  0  0     438000   0.20
3  0  1     483000   0.21
1  1  3     645000   0.17
2  1  2     568000   0.17
